0
[187, 134, 137, 58, 169, 143]
success_rate: 0.719806763285
[139, 145, 196, 145, 130, 73]
kmeans success rate: 0.647342995169
1
[143, 50, 181, 144, 127, 183]
success_rate: 0.75845410628
[126, 144, 195, 138, 150, 75]
kmeans success rate: 0.63768115942
2
[140, 187, 169, 137, 137, 58]
success_rate: 0.719806763285
[181, 137, 145, 50, 183, 132]
kmeans success rate: 0.75845410628
3
[188, 135, 137, 183, 43, 142]
success_rate: 0.792270531401
[45, 142, 138, 193, 176, 134]
kmeans success rate: 0.782608695652
4
[139, 58, 180, 137, 138, 176]
success_rate: 0.719806763285
[140, 150, 73, 136, 138, 191]
kmeans success rate: 0.647342995169
5
[132, 148, 71, 131, 151, 195]
success_rate: 0.657004830918
[140, 185, 179, 140, 134, 50]
kmeans success rate: 0.75845410628
6
[142, 193, 156, 146, 126, 65]
success_rate: 0.685990338164
[127, 158, 61, 143, 144, 195]
kmeans success rate: 0.705314009662
7
[137, 63, 195, 134, 143, 156]
success_rate: 0.695652173913
[137, 176, 51, 145, 132, 187]
kmeans success rate: 0.753623188406
8
[151, 145, 121, 67, 196, 148]
success_rate: 0.676328502415
[131, 136, 141, 195, 88, 137]
kmeans success rate: 0.574879227053
9
[178, 138, 133, 51, 185, 143]
success_rate: 0.753623188406
[83, 144, 133, 196, 135, 137]
kmeans success rate: 0.599033816425
10
[99, 143, 132, 116, 199, 139]
success_rate: 0.521739130435
[198, 133, 137, 98, 118, 144]
kmeans success rate: 0.526570048309
11
[166, 203, 120, 120, 128, 91]
success_rate: 0.56038647343
[78, 134, 146, 141, 195, 134]
kmeans success rate: 0.623188405797
12
[170, 133, 147, 192, 52, 134]
success_rate: 0.748792270531
[50, 145, 133, 170, 194, 136]
kmeans success rate: 0.75845410628
13
[48, 140, 138, 176, 190, 136]
success_rate: 0.768115942029
[134, 202, 117, 129, 151, 95]
kmeans success rate: 0.541062801932
14
[133, 59, 189, 132, 149, 166]
success_rate: 0.714975845411
[138, 159, 66, 141, 135, 189]
kmeans success rate: 0.68115942029
15
[141, 48, 187, 140, 133, 179]
success_rate: 0.768115942029
[139, 150, 64, 129, 146, 200]
kmeans success rate: 0.690821256039
16
[172, 140, 134, 190, 52, 140]
success_rate: 0.748792270531
[113, 129, 144, 101, 200, 141]
kmeans success rate: 0.512077294686
17
[175, 141, 135, 52, 187, 138]
success_rate: 0.748792270531
[61, 141, 139, 192, 161, 134]
kmeans success rate: 0.705314009662
18
[148, 133, 200, 126, 140, 81]
success_rate: 0.608695652174
[150, 104, 107, 135, 129, 203]
kmeans success rate: 0.497584541063
19
[128, 180, 57, 140, 146, 177]
success_rate: 0.724637681159
[137, 141, 80, 126, 151, 193]
kmeans success rate: 0.613526570048
20
[141, 50, 178, 133, 140, 186]
success_rate: 0.75845410628
[199, 147, 145, 153, 62, 122]
kmeans success rate: 0.700483091787
21
[184, 140, 137, 55, 175, 137]
success_rate: 0.734299516908
[151, 64, 159, 131, 132, 191]
kmeans success rate: 0.690821256039
22
[133, 167, 196, 146, 135, 51]
success_rate: 0.753623188406
[136, 192, 166, 138, 140, 56]
kmeans success rate: 0.729468599034
23
[137, 109, 103, 140, 137, 202]
success_rate: 0.502415458937
[119, 136, 139, 200, 95, 139]
kmeans success rate: 0.541062801932
24
[133, 57, 171, 145, 136, 186]
success_rate: 0.724637681159
[143, 107, 109, 132, 139, 198]
kmeans success rate: 0.48309178744
25
[177, 137, 138, 182, 55, 139]
success_rate: 0.734299516908
[137, 184, 176, 139, 138, 54]
kmeans success rate: 0.739130434783
26
[126, 187, 54, 154, 134, 173]
success_rate: 0.739130434783
[136, 61, 169, 130, 148, 184]
kmeans success rate: 0.705314009662
27
[135, 175, 185, 134, 145, 54]
success_rate: 0.739130434783
[137, 178, 48, 135, 142, 188]
kmeans success rate: 0.768115942029
28
[134, 54, 169, 139, 141, 191]
success_rate: 0.739130434783
[145, 185, 176, 139, 130, 53]
kmeans success rate: 0.743961352657
29
[126, 63, 156, 141, 147, 195]
success_rate: 0.695652173913
[177, 140, 135, 185, 52, 139]
kmeans success rate: 0.748792270531
30
[53, 140, 150, 196, 165, 124]
success_rate: 0.743961352657
[124, 205, 130, 136, 154, 79]
kmeans success rate: 0.618357487923
31
[181, 155, 133, 170, 63, 126]
success_rate: 0.695652173913
[165, 124, 155, 62, 187, 135]
kmeans success rate: 0.700483091787
32
[181, 138, 138, 49, 184, 138]
success_rate: 0.763285024155
[108, 136, 137, 197, 109, 141]
kmeans success rate: 0.478260869565
33
[164, 136, 143, 61, 189, 135]
success_rate: 0.705314009662
[137, 124, 95, 145, 132, 195]
kmeans success rate: 0.541062801932
34
[184, 134, 136, 59, 171, 144]
success_rate: 0.714975845411
[135, 187, 55, 138, 141, 172]
kmeans success rate: 0.734299516908
35
[181, 138, 135, 55, 178, 141]
success_rate: 0.734299516908
[91, 142, 135, 188, 135, 137]
kmeans success rate: 0.56038647343
36
[104, 139, 141, 198, 112, 134]
success_rate: 0.497584541063
[194, 137, 135, 166, 54, 142]
kmeans success rate: 0.739130434783
37
[140, 79, 198, 132, 142, 137]
success_rate: 0.618357487923
[150, 200, 89, 141, 123, 125]
kmeans success rate: 0.570048309179
38
[145, 52, 191, 129, 140, 171]
success_rate: 0.748792270531
[49, 144, 130, 192, 173, 140]
kmeans success rate: 0.763285024155
39
[130, 164, 61, 137, 147, 189]
success_rate: 0.705314009662
[142, 191, 164, 139, 133, 59]
kmeans success rate: 0.714975845411
40
[137, 166, 190, 140, 137, 58]
success_rate: 0.719806763285
[79, 130, 154, 202, 133, 130]
kmeans success rate: 0.618357487923
41
[193, 139, 141, 53, 168, 134]
success_rate: 0.743961352657
[142, 146, 196, 134, 138, 72]
kmeans success rate: 0.652173913043
42
[130, 147, 139, 198, 86, 128]
success_rate: 0.584541062802
[199, 139, 127, 148, 67, 148]
kmeans success rate: 0.676328502415
43
[139, 186, 181, 138, 137, 47]
success_rate: 0.772946859903
[139, 43, 194, 138, 137, 177]
kmeans success rate: 0.792270531401
44
[178, 144, 137, 44, 192, 133]
success_rate: 0.787439613527
[134, 54, 197, 141, 139, 163]
kmeans success rate: 0.739130434783
45
[69, 131, 145, 190, 155, 138]
success_rate: 0.666666666667
[69, 136, 144, 187, 158, 134]
kmeans success rate: 0.666666666667
46
[158, 130, 143, 61, 195, 141]
success_rate: 0.705314009662
[139, 92, 199, 128, 147, 123]
kmeans success rate: 0.555555555556
47
[143, 186, 47, 138, 133, 181]
success_rate: 0.772946859903
[145, 190, 53, 135, 134, 171]
kmeans success rate: 0.743961352657
48
[139, 180, 172, 138, 137, 62]
success_rate: 0.700483091787
[138, 185, 156, 137, 139, 73]
kmeans success rate: 0.647342995169
49
[132, 75, 199, 137, 145, 140]
success_rate: 0.63768115942
[91, 135, 141, 202, 121, 138]
kmeans success rate: 0.56038647343
50
[130, 185, 179, 145, 139, 50]
success_rate: 0.75845410628
[51, 143, 143, 183, 180, 128]
kmeans success rate: 0.753623188406
51
[186, 139, 128, 62, 166, 147]
success_rate: 0.700483091787
[174, 141, 131, 52, 188, 142]
kmeans success rate: 0.748792270531
52
[140, 50, 195, 142, 132, 169]
success_rate: 0.75845410628
[83, 141, 149, 198, 133, 124]
kmeans success rate: 0.599033816425
53
[131, 186, 51, 134, 149, 177]
success_rate: 0.753623188406
[91, 147, 123, 121, 202, 144]
kmeans success rate: 0.56038647343
54
[176, 134, 147, 184, 54, 133]
success_rate: 0.739130434783
[189, 136, 131, 65, 160, 147]
kmeans success rate: 0.685990338164
55
[190, 136, 144, 179, 45, 134]
success_rate: 0.782608695652
[155, 134, 138, 61, 198, 142]
kmeans success rate: 0.705314009662
56
[62, 143, 138, 160, 192, 133]
success_rate: 0.700483091787
[135, 117, 201, 138, 141, 96]
kmeans success rate: 0.536231884058
57
[165, 146, 138, 185, 64, 130]
success_rate: 0.690821256039
[148, 163, 189, 134, 132, 62]
kmeans success rate: 0.700483091787
58
[51, 134, 131, 189, 174, 149]
success_rate: 0.753623188406
[142, 201, 95, 140, 132, 118]
kmeans success rate: 0.541062801932
59
[47, 143, 134, 185, 182, 137]
success_rate: 0.772946859903
[59, 135, 141, 194, 161, 138]
kmeans success rate: 0.714975845411
60
[135, 200, 82, 142, 137, 132]
success_rate: 0.6038647343
[101, 128, 141, 112, 201, 145]
kmeans success rate: 0.512077294686
61
[193, 128, 149, 169, 52, 137]
success_rate: 0.748792270531
[195, 128, 145, 169, 50, 141]
kmeans success rate: 0.75845410628
62
[104, 145, 118, 203, 107, 151]
success_rate: 0.497584541063
[141, 80, 134, 135, 138, 200]
kmeans success rate: 0.613526570048
63
[141, 200, 83, 138, 135, 131]
success_rate: 0.599033816425
[199, 137, 138, 87, 128, 139]
kmeans success rate: 0.579710144928
64
[139, 53, 185, 139, 136, 176]
success_rate: 0.743961352657
[197, 144, 139, 127, 90, 131]
kmeans success rate: 0.565217391304
65
[185, 139, 133, 176, 53, 142]
success_rate: 0.743961352657
[130, 73, 147, 146, 138, 194]
kmeans success rate: 0.647342995169
66
[146, 185, 172, 129, 139, 57]
success_rate: 0.724637681159
[129, 56, 188, 138, 147, 170]
kmeans success rate: 0.729468599034
67
[140, 192, 57, 140, 134, 165]
success_rate: 0.724637681159
[130, 202, 86, 144, 140, 126]
kmeans success rate: 0.584541062802
68
[142, 56, 162, 135, 137, 196]
success_rate: 0.729468599034
[135, 63, 191, 133, 146, 160]
kmeans success rate: 0.695652173913
69
[135, 186, 183, 138, 141, 45]
success_rate: 0.782608695652
[55, 144, 135, 172, 187, 135]
kmeans success rate: 0.734299516908
70
[162, 132, 142, 191, 61, 140]
success_rate: 0.705314009662
[83, 133, 147, 192, 139, 134]
kmeans success rate: 0.599033816425
71
[132, 45, 184, 134, 148, 185]
success_rate: 0.782608695652
[134, 187, 43, 146, 134, 184]
kmeans success rate: 0.792270531401
72
[186, 131, 137, 51, 177, 146]
success_rate: 0.753623188406
[127, 177, 44, 140, 147, 193]
kmeans success rate: 0.787439613527
73
[140, 129, 204, 134, 140, 81]
success_rate: 0.608695652174
[125, 101, 111, 148, 141, 202]
kmeans success rate: 0.512077294686
74
[156, 59, 185, 135, 123, 170]
success_rate: 0.714975845411
[149, 140, 135, 196, 69, 139]
kmeans success rate: 0.666666666667
75
[139, 53, 184, 131, 144, 177]
success_rate: 0.743961352657
[152, 95, 197, 143, 119, 122]
kmeans success rate: 0.541062801932
76
[147, 176, 187, 136, 131, 51]
success_rate: 0.753623188406
[44, 126, 140, 189, 181, 148]
kmeans success rate: 0.787439613527
77
[58, 144, 133, 177, 179, 137]
success_rate: 0.719806763285
[144, 56, 179, 132, 138, 179]
kmeans success rate: 0.729468599034
78
[117, 144, 147, 102, 195, 123]
success_rate: 0.507246376812
[142, 127, 91, 139, 133, 196]
kmeans success rate: 0.56038647343
79
[149, 179, 184, 132, 133, 51]
success_rate: 0.753623188406
[166, 130, 142, 55, 193, 142]
kmeans success rate: 0.734299516908
80
[175, 141, 143, 50, 189, 130]
success_rate: 0.75845410628
[176, 139, 142, 47, 191, 133]
kmeans success rate: 0.772946859903
81
[145, 140, 130, 71, 198, 144]
success_rate: 0.657004830918
[143, 100, 110, 133, 138, 204]
kmeans success rate: 0.51690821256
82
[185, 140, 134, 179, 50, 140]
success_rate: 0.75845410628
[118, 144, 78, 148, 148, 192]
kmeans success rate: 0.623188405797
83
[140, 186, 62, 126, 148, 166]
success_rate: 0.700483091787
[199, 126, 142, 120, 95, 146]
kmeans success rate: 0.541062801932
84
[133, 180, 45, 142, 139, 189]
success_rate: 0.782608695652
[75, 144, 131, 136, 203, 139]
kmeans success rate: 0.63768115942
85
[140, 195, 143, 144, 130, 76]
success_rate: 0.632850241546
[179, 146, 147, 175, 60, 121]
kmeans success rate: 0.710144927536
86
[175, 134, 139, 50, 189, 141]
success_rate: 0.75845410628
[140, 193, 171, 138, 136, 50]
kmeans success rate: 0.75845410628
87
[130, 87, 129, 145, 139, 198]
success_rate: 0.579710144928
[56, 141, 132, 194, 164, 141]
kmeans success rate: 0.729468599034
88
[137, 59, 184, 141, 136, 171]
success_rate: 0.714975845411
[154, 136, 134, 66, 194, 144]
kmeans success rate: 0.68115942029
89
[193, 135, 141, 166, 55, 138]
success_rate: 0.734299516908
[202, 124, 142, 82, 130, 148]
kmeans success rate: 0.6038647343
90
[136, 198, 154, 150, 128, 62]
success_rate: 0.700483091787
[125, 163, 57, 141, 148, 194]
kmeans success rate: 0.724637681159
91
[149, 172, 184, 131, 134, 58]
success_rate: 0.719806763285
[144, 174, 184, 131, 139, 56]
kmeans success rate: 0.729468599034
92
[138, 56, 183, 131, 145, 175]
success_rate: 0.729468599034
[138, 100, 199, 141, 135, 115]
kmeans success rate: 0.51690821256
93
[130, 189, 56, 146, 138, 169]
success_rate: 0.729468599034
[138, 196, 175, 144, 132, 43]
kmeans success rate: 0.792270531401
94
[145, 166, 190, 136, 133, 58]
success_rate: 0.719806763285
[138, 51, 178, 131, 145, 185]
kmeans success rate: 0.753623188406
95
[130, 68, 155, 139, 145, 191]
success_rate: 0.671497584541
[198, 141, 130, 113, 103, 143]
kmeans success rate: 0.502415458937
96
[152, 148, 81, 129, 133, 185]
success_rate: 0.608695652174
[174, 134, 133, 64, 176, 147]
kmeans success rate: 0.690821256039
97
[87, 148, 132, 199, 128, 134]
success_rate: 0.579710144928
[67, 140, 141, 150, 197, 133]
kmeans success rate: 0.676328502415
98
[77, 140, 144, 139, 198, 130]
success_rate: 0.628019323671
[201, 138, 134, 97, 116, 142]
kmeans success rate: 0.531400966184
99
[77, 141, 135, 188, 149, 138]
success_rate: 0.628019323671
[145, 195, 118, 132, 137, 101]
kmeans success rate: 0.512077294686
average success rate, 100 trials: 0.703768115942
success rate standard deviation, 100 trials: 0.0696117664979
average kmeans success rate, 100 trials: 0.656183574879
kmeans success rate standard deviation, 100 trials: 0.0906670882899

