0
[24, 34, 2, 23, 25, 36]
success rate: 0.944444444444
1
[23, 36, 34, 25, 24, 2]
success rate: 0.944444444444
2
[35, 27, 22, 4, 33, 23]
success rate: 0.888888888889
3
[2, 24, 24, 35, 35, 24]
success rate: 0.944444444444
4
[25, 35, 36, 24, 23, 1]
success rate: 0.972222222222
5
[35, 25, 25, 2, 35, 22]
success rate: 0.944444444444
6
[36, 23, 24, 32, 4, 25]
success rate: 0.888888888889
7
[36, 24, 24, 33, 3, 24]
success rate: 0.916666666667
8
[26, 32, 36, 25, 21, 4]
success rate: 0.888888888889
9
[36, 23, 25, 34, 2, 24]
success rate: 0.944444444444
10
[34, 26, 22, 35, 3, 24]
success rate: 0.916666666667
11
[24, 0, 36, 24, 24, 36]
success rate: 1.0
12
[24, 35, 34, 25, 23, 3]
success rate: 0.916666666667
13
[24, 36, 36, 24, 24, 0]
success rate: 1.0
14
[23, 33, 3, 23, 26, 36]
success rate: 0.916666666667
15
[24, 36, 1, 23, 25, 35]
success rate: 0.972222222222
16
[24, 36, 0, 24, 24, 36]
success rate: 1.0
17
[24, 36, 36, 24, 24, 0]
success rate: 1.0
18
[36, 24, 24, 0, 36, 24]
success rate: 1.0
19
[35, 26, 22, 3, 34, 24]
success rate: 0.916666666667
20
[34, 23, 26, 34, 4, 23]
success rate: 0.888888888889
21
[26, 3, 35, 21, 25, 34]
success rate: 0.916666666667
22
[25, 35, 34, 23, 24, 3]
success rate: 0.916666666667
23
[1, 23, 24, 36, 35, 25]
success rate: 0.972222222222
24
[24, 34, 29, 23, 25, 9]
success rate: 0.75
25
[36, 23, 25, 34, 2, 24]
success rate: 0.944444444444
26
[22, 33, 35, 26, 24, 4]
success rate: 0.888888888889
27
[24, 35, 36, 23, 25, 1]
success rate: 0.972222222222
28
[24, 35, 34, 25, 23, 3]
success rate: 0.916666666667
29
[25, 2, 35, 25, 22, 35]
success rate: 0.944444444444
30
[34, 26, 22, 35, 3, 24]
success rate: 0.916666666667
31
[25, 34, 4, 25, 22, 34]
success rate: 0.888888888889
32
[26, 2, 36, 22, 24, 34]
success rate: 0.944444444444
33
[33, 25, 23, 35, 4, 24]
success rate: 0.888888888889
34
[24, 2, 36, 23, 25, 34]
success rate: 0.944444444444
35
[36, 25, 24, 34, 2, 23]
success rate: 0.944444444444
36
[23, 36, 35, 24, 25, 1]
success rate: 0.972222222222
37
[23, 35, 36, 25, 24, 1]
success rate: 0.972222222222
38
[25, 36, 35, 23, 24, 1]
success rate: 0.972222222222
39
[24, 36, 1, 23, 25, 35]
success rate: 0.972222222222
40
[36, 24, 24, 36, 0, 24]
success rate: 1.0
41
[26, 3, 36, 23, 23, 33]
success rate: 0.916666666667
42
[23, 36, 1, 25, 24, 35]
success rate: 0.972222222222
43
[23, 35, 34, 24, 25, 3]
success rate: 0.916666666667
44
[1, 24, 23, 35, 36, 25]
success rate: 0.972222222222
45
[36, 23, 25, 34, 2, 24]
success rate: 0.944444444444
46
[36, 24, 25, 35, 1, 23]
success rate: 0.972222222222
47
[23, 36, 1, 25, 24, 35]
success rate: 0.972222222222
48
[22, 35, 35, 25, 25, 2]
success rate: 0.944444444444
49
[23, 36, 34, 25, 24, 2]
success rate: 0.944444444444
50
[26, 3, 36, 23, 23, 33]
success rate: 0.916666666667
51
[23, 36, 35, 24, 25, 1]
success rate: 0.972222222222
52
[25, 2, 34, 23, 24, 36]
success rate: 0.944444444444
53
[5, 22, 26, 31, 36, 24]
success rate: 0.861111111111
54
[22, 35, 35, 25, 25, 2]
success rate: 0.944444444444
55
[34, 24, 25, 36, 2, 23]
success rate: 0.944444444444
56
[36, 24, 24, 36, 0, 24]
success rate: 1.0
57
[23, 2, 36, 25, 24, 34]
success rate: 0.944444444444
58
[22, 13, 25, 22, 28, 34]
success rate: 0.638888888889
59
[34, 25, 24, 2, 36, 23]
success rate: 0.944444444444
60
[24, 35, 1, 25, 23, 36]
success rate: 0.972222222222
61
[36, 24, 24, 36, 0, 24]
success rate: 1.0
62
[23, 36, 34, 25, 24, 2]
success rate: 0.944444444444
63
[22, 35, 2, 25, 25, 35]
success rate: 0.944444444444
64
[36, 24, 25, 2, 34, 23]
success rate: 0.944444444444
65
[34, 24, 25, 36, 2, 23]
success rate: 0.944444444444
66
[35, 24, 24, 2, 35, 24]
success rate: 0.944444444444
67
[36, 23, 24, 35, 1, 25]
success rate: 0.972222222222
68
[2, 24, 24, 35, 35, 24]
success rate: 0.944444444444
69
[23, 35, 4, 24, 25, 33]
success rate: 0.888888888889
70
[36, 24, 25, 35, 1, 23]
success rate: 0.972222222222
71
[24, 36, 2, 25, 23, 34]
success rate: 0.944444444444
72
[23, 33, 3, 26, 23, 36]
success rate: 0.916666666667
73
[24, 2, 35, 24, 24, 35]
success rate: 0.944444444444
74
[24, 2, 34, 25, 23, 36]
success rate: 0.944444444444
75
[35, 24, 26, 33, 4, 22]
success rate: 0.888888888889
76
[30, 24, 25, 8, 34, 23]
success rate: 0.777777777778
77
[4, 24, 22, 33, 35, 26]
success rate: 0.888888888889
78
[23, 36, 1, 25, 24, 35]
success rate: 0.972222222222
79
[2, 24, 24, 35, 35, 24]
success rate: 0.944444444444
80
[25, 2, 34, 23, 24, 36]
success rate: 0.944444444444
81
[25, 4, 35, 24, 23, 33]
success rate: 0.888888888889
82
[35, 25, 24, 3, 34, 23]
success rate: 0.916666666667
83
[36, 23, 24, 35, 1, 25]
success rate: 0.972222222222
84
[25, 35, 2, 25, 22, 35]
success rate: 0.944444444444
85
[36, 23, 24, 35, 1, 25]
success rate: 0.972222222222
86
[36, 24, 24, 0, 36, 24]
success rate: 1.0
87
[25, 1, 35, 24, 23, 36]
success rate: 0.972222222222
88
[25, 1, 36, 23, 24, 35]
success rate: 0.972222222222
89
[3, 24, 24, 36, 33, 24]
success rate: 0.916666666667
90
[23, 35, 1, 24, 25, 36]
success rate: 0.972222222222
91
[24, 0, 36, 24, 24, 36]
success rate: 1.0
92
[25, 34, 36, 23, 24, 2]
success rate: 0.944444444444
93
[24, 36, 36, 24, 24, 0]
success rate: 1.0
94
[36, 24, 25, 35, 1, 23]
success rate: 0.972222222222
95
[36, 25, 23, 2, 34, 24]
success rate: 0.944444444444
96
[36, 23, 25, 1, 35, 24]
success rate: 0.972222222222
97
[3, 25, 22, 33, 36, 25]
success rate: 0.916666666667
98
[36, 24, 25, 2, 34, 23]
success rate: 0.944444444444
99
[24, 36, 0, 24, 24, 36]
success rate: 1.0
average success rate, 100 trials: 0.939722222222
standard deviation of success rate, 100 trials: 0.0515283393201

